           0           0           0 -2.500000000000000E-002
           0           0           1 -2.500000000000000E-002
           0           0           2 -2.500000000000000E-002
           0           0           3 -2.500000000000000E-002
           0           0           4 -2.500000000000000E-002
           0           0           5 -2.500000000000000E-002
           0           0           6 -2.500000000000000E-002
           0           1           0 -2.500000000000000E-002
           0           1           1 -2.500000000000000E-002
           0           1           2 -2.500000000000000E-002
           0           1           3 -2.500000000000000E-002
           0           1           4 -2.500000000000000E-002
           0           1           5 -2.500000000000000E-002
           0           1           6 -2.500000000000000E-002
           0           2           0 -2.500000000000000E-002
           0           2           1 -2.500000000000000E-002
           0           2           2 -2.500000000000000E-002
           0           2           3 -2.500000000000000E-002
           0           2           4 -2.500000000000000E-002
           0           2           5 -2.500000000000000E-002
           0           2           6 -2.500000000000000E-002
           0           3           0 -2.500000000000000E-002
           0           3           1 -2.500000000000000E-002
           0           3           2 -2.500000000000000E-002
           0           3           3 -2.500000000000000E-002
           0           3           4 -2.500000000000000E-002
           0           3           5 -2.500000000000000E-002
           0           3           6 -2.500000000000000E-002
           0           4           0 -2.500000000000000E-002
           0           4           1 -2.500000000000000E-002
           0           4           2 -2.500000000000000E-002
           0           4           3 -2.500000000000000E-002
           0           4           4 -2.500000000000000E-002
           0           4           5 -2.500000000000000E-002
           0           4           6 -2.500000000000000E-002
           0           5           0 -2.500000000000000E-002
           0           5           1 -2.500000000000000E-002
           0           5           2 -2.500000000000000E-002
           0           5           3 -2.500000000000000E-002
           0           5           4 -2.500000000000000E-002
           0           5           5 -2.500000000000000E-002
           0           5           6 -2.500000000000000E-002
           0           6           0 -2.500000000000000E-002
           0           6           1 -2.500000000000000E-002
           0           6           2 -2.500000000000000E-002
           0           6           3 -2.500000000000000E-002
           0           6           4 -2.500000000000000E-002
           0           6           5 -2.500000000000000E-002
           0           6           6 -2.500000000000000E-002
           1           0           0  0.000000000000000E+000
           1           0           1  0.000000000000000E+000
           1           0           2  0.000000000000000E+000
           1           0           3  0.000000000000000E+000
           1           0           4  0.000000000000000E+000
           1           0           5  0.000000000000000E+000
           1           0           6  0.000000000000000E+000
           1           1           0  0.000000000000000E+000
           1           1           1  0.000000000000000E+000
           1           1           2  0.000000000000000E+000
           1           1           3  0.000000000000000E+000
           1           1           4  0.000000000000000E+000
           1           1           5  0.000000000000000E+000
           1           1           6  0.000000000000000E+000
           1           2           0  0.000000000000000E+000
           1           2           1  0.000000000000000E+000
           1           2           2  0.000000000000000E+000
           1           2           3  0.000000000000000E+000
           1           2           4  0.000000000000000E+000
           1           2           5  0.000000000000000E+000
           1           2           6  0.000000000000000E+000
           1           3           0  0.000000000000000E+000
           1           3           1  0.000000000000000E+000
           1           3           2  0.000000000000000E+000
           1           3           3  0.000000000000000E+000
           1           3           4  0.000000000000000E+000
           1           3           5  0.000000000000000E+000
           1           3           6  0.000000000000000E+000
           1           4           0  0.000000000000000E+000
           1           4           1  0.000000000000000E+000
           1           4           2  0.000000000000000E+000
           1           4           3  0.000000000000000E+000
           1           4           4  0.000000000000000E+000
           1           4           5  0.000000000000000E+000
           1           4           6  0.000000000000000E+000
           1           5           0  0.000000000000000E+000
           1           5           1  0.000000000000000E+000
           1           5           2  0.000000000000000E+000
           1           5           3  0.000000000000000E+000
           1           5           4  0.000000000000000E+000
           1           5           5  0.000000000000000E+000
           1           5           6  0.000000000000000E+000
           1           6           0  0.000000000000000E+000
           1           6           1  0.000000000000000E+000
           1           6           2  0.000000000000000E+000
           1           6           3  0.000000000000000E+000
           1           6           4  0.000000000000000E+000
           1           6           5  0.000000000000000E+000
           1           6           6  0.000000000000000E+000
           2           0           0  2.500000000000000E-002
           2           0           1  2.500000000000000E-002
           2           0           2  2.500000000000000E-002
           2           0           3  2.500000000000000E-002
           2           0           4  2.500000000000000E-002
           2           0           5  2.500000000000000E-002
           2           0           6  2.500000000000000E-002
           2           1           0  2.500000000000000E-002
           2           1           1  2.500000000000000E-002
           2           1           2  2.500000000000000E-002
           2           1           3  2.500000000000000E-002
           2           1           4  2.500000000000000E-002
           2           1           5  2.500000000000000E-002
           2           1           6  2.500000000000000E-002
           2           2           0  2.500000000000000E-002
           2           2           1  2.500000000000000E-002
           2           2           2  2.500000000000000E-002
           2           2           3  2.500000000000000E-002
           2           2           4  2.500000000000000E-002
           2           2           5  2.500000000000000E-002
           2           2           6  2.500000000000000E-002
           2           3           0  2.500000000000000E-002
           2           3           1  2.500000000000000E-002
           2           3           2  2.500000000000000E-002
           2           3           3  2.500000000000000E-002
           2           3           4  2.500000000000000E-002
           2           3           5  2.500000000000000E-002
           2           3           6  2.500000000000000E-002
           2           4           0  2.500000000000000E-002
           2           4           1  2.500000000000000E-002
           2           4           2  2.500000000000000E-002
           2           4           3  2.500000000000000E-002
           2           4           4  2.500000000000000E-002
           2           4           5  2.500000000000000E-002
           2           4           6  2.500000000000000E-002
           2           5           0  2.500000000000000E-002
           2           5           1  2.500000000000000E-002
           2           5           2  2.500000000000000E-002
           2           5           3  2.500000000000000E-002
           2           5           4  2.500000000000000E-002
           2           5           5  2.500000000000000E-002
           2           5           6  2.500000000000000E-002
           2           6           0  2.500000000000000E-002
           2           6           1  2.500000000000000E-002
           2           6           2  2.500000000000000E-002
           2           6           3  2.500000000000000E-002
           2           6           4  2.500000000000000E-002
           2           6           5  2.500000000000000E-002
           2           6           6  2.500000000000000E-002
           3           0           0  0.391666666666667     
           3           0           1  0.391666666666667     
           3           0           2  0.391666666666667     
           3           0           3  0.391666666666667     
           3           0           4  0.391666666666667     
           3           0           5  0.391666666666667     
           3           0           6  0.391666666666667     
           3           1           0  0.391666666666667     
           3           1           1  0.391666666666667     
           3           1           2  0.391666666666667     
           3           1           3  0.391666666666667     
           3           1           4  0.391666666666667     
           3           1           5  0.391666666666667     
           3           1           6  0.391666666666667     
           3           2           0  0.391666666666667     
           3           2           1  0.391666666666667     
           3           2           2  0.391666666666667     
           3           2           3  0.391666666666667     
           3           2           4  0.391666666666667     
           3           2           5  0.391666666666667     
           3           2           6  0.391666666666667     
           3           3           0  0.391666666666667     
           3           3           1  0.391666666666667     
           3           3           2  0.391666666666667     
           3           3           3  0.391666666666667     
           3           3           4  0.391666666666667     
           3           3           5  0.391666666666667     
           3           3           6  0.391666666666667     
           3           4           0  0.391666666666667     
           3           4           1  0.391666666666667     
           3           4           2  0.391666666666667     
           3           4           3  0.391666666666667     
           3           4           4  0.391666666666667     
           3           4           5  0.391666666666667     
           3           4           6  0.391666666666667     
           3           5           0  0.391666666666667     
           3           5           1  0.391666666666667     
           3           5           2  0.391666666666667     
           3           5           3  0.391666666666667     
           3           5           4  0.391666666666667     
           3           5           5  0.391666666666667     
           3           5           6  0.391666666666667     
           3           6           0  0.391666666666667     
           3           6           1  0.391666666666667     
           3           6           2  0.391666666666667     
           3           6           3  0.391666666666667     
           3           6           4  0.391666666666667     
           3           6           5  0.391666666666667     
           3           6           6  0.391666666666667     
           4           0           0  0.758333333333333     
           4           0           1  0.758333333333333     
           4           0           2  0.758333333333333     
           4           0           3  0.758333333333333     
           4           0           4  0.758333333333333     
           4           0           5  0.758333333333333     
           4           0           6  0.758333333333333     
           4           1           0  0.758333333333333     
           4           1           1  0.758333333333333     
           4           1           2  0.758333333333333     
           4           1           3  0.758333333333333     
           4           1           4  0.758333333333333     
           4           1           5  0.758333333333333     
           4           1           6  0.758333333333333     
           4           2           0  0.758333333333333     
           4           2           1  0.758333333333333     
           4           2           2  0.758333333333333     
           4           2           3  0.758333333333333     
           4           2           4  0.758333333333333     
           4           2           5  0.758333333333333     
           4           2           6  0.758333333333333     
           4           3           0  0.758333333333333     
           4           3           1  0.758333333333333     
           4           3           2  0.758333333333333     
           4           3           3  0.758333333333333     
           4           3           4  0.758333333333333     
           4           3           5  0.758333333333333     
           4           3           6  0.758333333333333     
           4           4           0  0.758333333333333     
           4           4           1  0.758333333333333     
           4           4           2  0.758333333333333     
           4           4           3  0.758333333333333     
           4           4           4  0.758333333333333     
           4           4           5  0.758333333333333     
           4           4           6  0.758333333333333     
           4           5           0  0.758333333333333     
           4           5           1  0.758333333333333     
           4           5           2  0.758333333333333     
           4           5           3  0.758333333333333     
           4           5           4  0.758333333333333     
           4           5           5  0.758333333333333     
           4           5           6  0.758333333333333     
           4           6           0  0.758333333333333     
           4           6           1  0.758333333333333     
           4           6           2  0.758333333333333     
           4           6           3  0.758333333333333     
           4           6           4  0.758333333333333     
           4           6           5  0.758333333333333     
           4           6           6  0.758333333333333     
           5           0           0   1.12500000000000     
           5           0           1   1.12500000000000     
           5           0           2   1.12500000000000     
           5           0           3   1.12500000000000     
           5           0           4   1.12500000000000     
           5           0           5   1.12500000000000     
           5           0           6   1.12500000000000     
           5           1           0   1.12500000000000     
           5           1           1   1.12500000000000     
           5           1           2   1.12500000000000     
           5           1           3   1.12500000000000     
           5           1           4   1.12500000000000     
           5           1           5   1.12500000000000     
           5           1           6   1.12500000000000     
           5           2           0   1.12500000000000     
           5           2           1   1.12500000000000     
           5           2           2   1.12500000000000     
           5           2           3   1.12500000000000     
           5           2           4   1.12500000000000     
           5           2           5   1.12500000000000     
           5           2           6   1.12500000000000     
           5           3           0   1.12500000000000     
           5           3           1   1.12500000000000     
           5           3           2   1.12500000000000     
           5           3           3   1.12500000000000     
           5           3           4   1.12500000000000     
           5           3           5   1.12500000000000     
           5           3           6   1.12500000000000     
           5           4           0   1.12500000000000     
           5           4           1   1.12500000000000     
           5           4           2   1.12500000000000     
           5           4           3   1.12500000000000     
           5           4           4   1.12500000000000     
           5           4           5   1.12500000000000     
           5           4           6   1.12500000000000     
           5           5           0   1.12500000000000     
           5           5           1   1.12500000000000     
           5           5           2   1.12500000000000     
           5           5           3   1.12500000000000     
           5           5           4   1.12500000000000     
           5           5           5   1.12500000000000     
           5           5           6   1.12500000000000     
           5           6           0   1.12500000000000     
           5           6           1   1.12500000000000     
           5           6           2   1.12500000000000     
           5           6           3   1.12500000000000     
           5           6           4   1.12500000000000     
           5           6           5   1.12500000000000     
           5           6           6   1.12500000000000     
           6           0           0   1.49166666666667     
           6           0           1   1.49166666666667     
           6           0           2   1.49166666666667     
           6           0           3   1.49166666666667     
           6           0           4   1.49166666666667     
           6           0           5   1.49166666666667     
           6           0           6   1.49166666666667     
           6           1           0   1.49166666666667     
           6           1           1   1.49166666666667     
           6           1           2   1.49166666666667     
           6           1           3   1.49166666666667     
           6           1           4   1.49166666666667     
           6           1           5   1.49166666666667     
           6           1           6   1.49166666666667     
           6           2           0   1.49166666666667     
           6           2           1   1.49166666666667     
           6           2           2   1.49166666666667     
           6           2           3   1.49166666666667     
           6           2           4   1.49166666666667     
           6           2           5   1.49166666666667     
           6           2           6   1.49166666666667     
           6           3           0   1.49166666666667     
           6           3           1   1.49166666666667     
           6           3           2   1.49166666666667     
           6           3           3   1.49166666666667     
           6           3           4   1.49166666666667     
           6           3           5   1.49166666666667     
           6           3           6   1.49166666666667     
           6           4           0   1.49166666666667     
           6           4           1   1.49166666666667     
           6           4           2   1.49166666666667     
           6           4           3   1.49166666666667     
           6           4           4   1.49166666666667     
           6           4           5   1.49166666666667     
           6           4           6   1.49166666666667     
           6           5           0   1.49166666666667     
           6           5           1   1.49166666666667     
           6           5           2   1.49166666666667     
           6           5           3   1.49166666666667     
           6           5           4   1.49166666666667     
           6           5           5   1.49166666666667     
           6           5           6   1.49166666666667     
           6           6           0   1.49166666666667     
           6           6           1   1.49166666666667     
           6           6           2   1.49166666666667     
           6           6           3   1.49166666666667     
           6           6           4   1.49166666666667     
           6           6           5   1.49166666666667     
           6           6           6   1.49166666666667     
