           0    0.000000000000000E+00    1.000000000000000E-14
           1    1.000000000000000E-14    1.000000000000000E-14
           2    2.100000000000000E-14    1.100000000000000E-14
           3    3.310000000000000E-14    1.210000000000000E-14
           4    4.641000000000000E-14    1.331000000000000E-14
           5    6.105100000000000E-14    1.464100000000000E-14
           6    7.715610000000000E-14    1.610510000000001E-14
           7    9.487171000000001E-14    1.771561000000001E-14
           8    1.143588810000000E-13    1.948717100000001E-14
           9    1.357947691000000E-13    2.143588810000001E-14
          10    1.593742460100000E-13    2.357947691000001E-14
          11    1.853116706110001E-13    2.593742460100001E-14
          12    2.138428376721001E-13    2.853116706110002E-14
          13    2.452271214393101E-13    3.138428376721002E-14
          14    2.797498335832411E-13    3.452271214393103E-14
          15    3.177248169415653E-13    3.797498335832413E-14
          16    3.594972986357218E-13    4.177248169415655E-14
          17    4.054470284992940E-13    4.594972986357221E-14
          18    4.559917313492235E-13    5.054470284992943E-14
          19    5.115909044841459E-13    5.559917313492237E-14
          20    5.727499949325605E-13    6.115909044841462E-14
